0	10447
1	10403
2	10300
3	10217
4	9989
5	9932
6	9781
10	9369
11	9229
13	9115
14	9084
15	8856
16	8705
20	8661
22	8635
23	8547
27	8487
29	8383
30	8334
31	8277
33	8223
36	8205
44	8170
45	8161
47	8137
55	7935
63	7611
71	7558
78	7552
79	7531
81	7459
86	7406
93	7313
94	7230
96	7215
98	7169
101	7116
102	7091
117	7047
127	7029
130	6991
133	6925
136	6881
145	6811
149	6754
168	6697
196	6591
204	6534
210	6473
261	6455
283	6447
284	6429
347	6412
381	6350
382	6297
407	6289
410	6278
456	6270
467	6226
480	6177
