0	10080
5	9876
6	9393
8	9233
9	8949
11	8744
14	8531
16	8403
17	8332
20	8265
25	8228
30	8225
31	8130
32	8060
33	8030
34	7860
36	7769
39	7757
41	7730
42	7641
53	7570
54	7500
59	7498
64	7385
67	7350
73	7343
80	7072
83	7015
88	6846
93	6773
97	6684
115	6613
123	6418
126	6417
130	6339
138	6307
155	6218
162	6192
175	6183
177	6147
178	6103
193	6079
198	5934
211	5887
220	5796
225	5736
230	5613
232	5602
238	5578
264	5507
290	5460
315	5395
321	5384
337	5311
348	5216
359	5192
374	5147
454	5110
483	5099
518	5059
536	5058
7236	5012
10764	4987
11120	4980
11140	4893
11198	4861
135802	4849
136601	4842
