0	10126
3	9748
4	9745
5	9601
7	9524
8	9285
10	9114
12	8964
13	8890
14	8542
18	8001
21	7615
30	7526
35	7386
38	7353
39	7258
58	7239
69	7122
71	7104
83	6982
88	6970
97	6956
100	6816
103	6578
121	6323
125	6279
131	6123
140	6122
141	6066
142	6041
180	6006
185	5971
198	5936
213	5882
217	5856
232	5803
236	5733
287	5722
310	5682
319	5640
335	5592
338	5553
340	5471
372	5470
374	5375
408	5326
530	5315
1348	5299
1374	5295
1464	5260
1476	5220
1490	5161
1500	5119
1526	5030
1573	5023
1605	4952
1649	4927
1991	4912
2107	4890
2128	4861
