0	10597
1	10407
3	10071
5	9989
6	9794
7	9509
9	9225
10	9125
15	8822
16	8774
18	8555
21	8504
27	8431
34	8400
37	8135
43	8101
44	7808
45	7782
46	7713
48	7682
50	7503
53	7496
56	7425
57	7281
59	7262
61	7248
64	7118
66	6978
67	6818
69	6598
70	6474
74	6404
89	6307
95	6296
101	6254
117	6236
138	6188
148	6173
184	6091
186	6023
190	5997
194	5979
196	5965
201	5940
222	5823
223	5800
236	5789
240	5713
273	5687
284	5676
309	5641
328	5639
332	5607
333	5595
357	5584
395	5573
421	5515
426	5504
523	5433
579	5279
596	5113
670	5049
697	5002
962	4978
3198	4908
