0	9402
3	9307
4	9202
5	9107
6	8954
9	8853
15	8698
17	8681
22	8415
23	8223
25	8052
29	7691
32	7688
36	7606
43	7571
45	7084
46	6831
50	6826
71	6737
77	6689
79	6609
87	6527
89	6479
90	6474
97	6376
102	6371
104	6287
118	6105
134	6060
153	5995
155	5989
158	5978
162	5940
184	5857
197	5854
204	5778
219	5696
274	5685
318	5625
323	5598
379	5569
415	5555
427	5516
702	5510
733	5485
957	5432
1221	5408
1428	5399
1552	5296
1565	5285
1569	5250
1585	5228
1607	5159
2199	5137
3412	5093
4713	5090
6505	4989
6509	4975
6558	4964
6653	4924
6710	4853
